c = 0 (1)
b = 14146 (2)
g = 2042 (3)
h = 168 (4)
j = 1874 (5)
k = 4050 (6)
l = 1360 (7)
n = 2690 (8)
o = 16322 (9)
p = 514 (10)
r = 15808 (11)
s = 0 (12)
u = 0 (13)
x = 7073 (14)
ab = 1021 (15)
ac = 84 (16)
ae = 937 (17)
af = 2025 (18)
ag = 680 (19)
ai = 1345 (20)
aj = 8161 (21)
ak = 257 (22)
am = 7904 (23)
an = 0 (24)
ap = 0 (25)
as = 3536 (26)
aw = 510 (27)
ax = 42 (28)
az = 468 (29)
ba = 1012 (30)
bb = 340 (31)
bd = 672 (32)
be = 4080 (33)
bf = 128 (34)
bh = 3952 (35)
bi = 0 (36)
bk = 0 (37)
bn = 1768 (38)
br = 255 (39)
bs = 21 (40)
bu = 234 (41)
bv = 506 (42)
bw = 170 (43)
by = 336 (44)
bz = 2040 (45)
ca = 64 (46)
cc = 1976 (47)
cd = 0 (48)
cf = 0 (49)
ci = 884 (50)
cm = 127 (51)
cn = 10 (52)
cp = 117 (53)
cq = 253 (54)
cr = 85 (55)
ct = 168 (56)
cu = 1020 (57)
cv = 32 (58)
cx = 988 (59)
cy = 0 (60)
da = 0 (61)
dd = 442 (62)
dh = 63 (63)
di = 5 (64)
dk = 58 (65)
dl = 126 (66)
dm = 42 (67)
do = 84 (68)
dp = 510 (69)
dq = 16 (70)
ds = 494 (71)
dt = 0 (72)
dv = 0 (73)
dy = 221 (74)
ec = 31 (75)
ed = 2 (76)
ef = 29 (77)
eg = 63 (78)
eh = 21 (79)
ej = 42 (80)
ek = 255 (81)
el = 8 (82)
en = 247 (83)
eo = 1 (84)
eq = 1 (85)
et = 32878 (86)
ex = 5135 (87)
ey = 1 (88)
fa = 5134 (89)
fb = 13343 (90)
fc = 10 (91)
fe = 13333 (92)
ff = 46207 (93)
fg = 4 (94)
fi = 46203 (95)
fj = 1 (96)
fl = 3 (97)
fo = 49207 (98)
fs = 7687 (99)
ft = 0 (100)
fv = 7687 (101)
fw = 15887 (102)
fx = 4101 (103)
fz = 11786 (104)
ga = 60991 (105)
gb = 2 (106)
gd = 60989 (107)
ge = 1 (108)
gg = 7 (109)
gj = 57371 (110)
gn = 7939 (111)
go = 1024 (112)
gq = 6915 (113)
gr = 15111 (114)
gs = 6146 (115)
gu = 8965 (116)
gv = 58143 (117)
gw = 8193 (118)
gy = 49950 (119)
gz = 0 (120)
hb = 14 (121)
he = 28685 (122)
hi = 3969 (123)
hj = 512 (124)
hl = 3457 (125)
hm = 7555 (126)
hn = 3073 (127)
hp = 4482 (128)
hq = 29071 (129)
hr = 4096 (130)
ht = 24975 (131)
hu = 1 (132)
hw = 29 (133)
hz = 47110 (134)
id = 6080 (135)
ie = 1280 (136)
ig = 4800 (137)
ih = 16065 (138)
ii = 512 (139)
ik = 15553 (140)
il = 48327 (141)
im = 14336 (142)
io = 33991 (143)
ip = 1 (144)
ir = 59 (145)
iu = 56323 (146)
iy = 8160 (147)
iz = 640 (148)
jb = 7520 (149)
jc = 16224 (150)
jd = 5376 (151)
jf = 10848 (152)
jg = 65123 (153)
jh = 2048 (154)
jj = 63075 (155)
jk = 1 (156)
jm = 119 (157)
jp = 60929 (158)
jt = 8176 (159)
ju = 1344 (160)
jw = 6832 (161)
jx = 15280 (162)
jy = 6784 (163)
ka = 8496 (164)
kb = 61233 (165)
kc = 8192 (166)
ke = 53041 (167)
kf = 1 (168)
kh = 239 (169)
kk = 63232 (170)
ko = 8184 (171)
kp = 1696 (172)
kr = 6488 (173)
ks = 15832 (174)
kt = 6464 (175)
kv = 9368 (176)
kw = 63384 (177)
kx = 9216 (178)
kz = 54168 (179)
la = 0 (180)
lc = 478 (181)
lf = 31616 (182)
lj = 4092 (183)
lk = 848 (184)
lm = 3244 (185)
ln = 7916 (186)
lo = 3232 (187)
lq = 4684 (188)
lr = 31692 (189)
ls = 4608 (190)
lu = 27084 (191)
lv = 0 (192)
lx = 956 (193)
